0
0.0,0.0,0.0,0.0,0.0,0.0
-0.206087571236,-1.4211184771,-0.620682447609,-0.226905757554,1.28172107745,-0.81488078668
-0.936634234605,-1.03933574982,-1.78395653716,-1.27973210626,-0.0163518903917,-0.192712643907
-0.168199625644,-1.52197376837,-2.83771895369,-1.96367524706,1.50489375342,-1.32509476962
-0.365671552471,-0.509487530771,-2.59945940175,-2.86777542209,2.98521792139,-0.164438317639
-1.68725052317,-1.44731967634,-3.80440511291,-2.86701763509,2.32665076763,-1.46671026826
-1.11066086616,-1.6597430013,-3.63301460462,-1.75702604794,1.22794817678,-0.215865740613
0.128470815887,-0.35552529205,-2.94526253018,-0.552744363427,1.93984987115,-0.343086784366
1.43763898625,-0.340547464973,-3.37105923033,-1.52820295872,2.19070881521,-1.28381004717
2.11537730716,-1.57123752575,-4.40670279934,-0.747668446572,1.64559497445,-1.53685414003
 
0.659597886269
 
0.20219722999