0
-0.451535469345,-0.177964009654,-0.118240221973,0.445200805173,-0.105924789645,0.00144025632608
0.134621825909,0.0322808048867,0.0730705353593,-0.42390614226,-0.387321711251,0.363199086607
-0.154618819073,0.124604585844,0.164385672365,-0.122071017715,-0.355568686654,0.392858824105
-0.395104648674,-0.249845553564,-0.100068721392,0.437894304068,0.393754214436,-0.443950280885
0.14583627648,-0.177280460021,0.348210291351,0.423103754795,0.0466567519347,0.0076470647707
0.253655531681,-0.22865882282,0.0911489938297,-0.0689597989252,-0.198633012124,-0.130834390415
-0.176195164977,-0.0460373495553,-0.452434516217,0.166153198994,0.186376332031,-0.419411262485
0.249159869922,0.348664594483,0.462543969493,-0.173656236829,0.313846665292,-0.084476074558
0.122607863595,-0.150589706937,-0.378604357522,-0.228121278039,-0.0416437168627,-0.0611691116387
0.0970832829894,0.182634242352,0.225340016157,-0.00200374450841,-0.414617498257,0.0451122613534
 
1.28410321582,1.72731879526,2.52583568563,4.9602406776,4.9602406776,5.51091210506,5.51091210506,5.51091210506,5.51091210506,5.51091210506,5.51091210506
 
0.467674863241,0.938496242499,1.20179158427,2.41927562808,2.96997598158,4.70593351851,4.76008182336,4.76008182336,4.76008182336,4.76008182336,4.76008182336